2,6,9,38,58,4,19,51,62,42,14,48,94,84,5,45,82,53,49,3,10,10,87,3,59,1,71,6,54,34,49,37,80,66,29,62,56,21,71,47,54,51,49,80,8,76,19,9,58,67,13,79,38,92,85,11,22,82,76,44,2,47,76,33,20,78,92,85,54
10,3,8,82,17,12,56,60,33,55,82,40,12,23,85,56,51,54,24,64,38,56,16,13,21,58,10,26,68,79,15,65,57,100,81,42,38,94,41,72,41,77,33,6,60,26,55,91,76,45,23,73,76,99,32,34,13
8,7,9,73,97,37,88,59,84,29,23,46,2,79,63,23,21,15,83,100,65,16,59,97,70,94,11,77,43,34,56,1,40,77,15,16,6,61,36,55,49,72,72,36,34,82,40,32,60,99,31,83,91,22,88,14,54,37,4,7,64,73,54,15,38,22,80,17,65,83,93,96,21,64,42,98,76,85,33,38,35,96,73,66,69,84,5,58,14,93,82,48,78,81,67,96,8,38,47,60,13,81,73,62,71,35,6,4,78,94,96,61,20,84,90,39,68,88,9,47,95,78
5,8,1,77,39,65,24,93,6,50,63,98,20,11,62,80,45,28,65,99,72,24,62,88,74,36,14,11,17,24,45,2,98,37,31,54,77,17,8,60,46,11,91,55,60,68,6,44,2,30,38
5,7,2,42,57,87,21,80,18,12,8,89,47,9,74,15,93,41,81,99,13,15,88,54,98,65,25,32,41,50,16,25,48,1,14,42,5,27,86,94,61,81,35,33,11,86,97,80,13,58,19,35
5,10,7,35,100,74,26,33,62,56,12,88,64,89,89,34,4,10,76,66,21,21,50,50,24,15,28,99,69,21,51,100,74,25,37,17,31,25,4,21,39,76,23,70,17,77,93,19,67,76,88,4,72,31,55,88,3,60,53,77,1,19,44,74,54,26,66,36,3,8,51,60,8,55,97,40,15,56,67,4,3,69,34,50,65,41,27,71,35,82,46,65,53,82,56,76,6,55,18,47,2,85,43,29,7,66,26,59,25,66,94,43,31,34,87,45,58,59,53,96,87,21,45
9,5,4,95,67,47,88,95,54,100,81,32,7,35,24,65,14,30,67,13,68,28,58,68,49,58,36,26,22,16,2,60,51,99,19,79,18,46,3,59,90,63,25,23,53,36,23,52,48,54,82,95,3,82,84,89,41,54,67,56,73,39,67,5,46,39,25,18
6,3,1,26,54,30,36,70,67,71,54,93,76,85,84,8,16,83,86,60,98,84,49,58
9,9,7,56,92,69,89,72,96,75,7,24,9,95,95,53,45,39,51,35,21,26,18,93,63,44,17,66,41,2,56,96,17,97,18,3,50,14,30,28,44,8,14,2,94,19,25,46,41,29,4,31,60,88,18,26,27,79,80,42,52,8,50,6,45,13,53,63,44,84,44,1,27,47,17,27,57,72,77,55,32,19,52,67,61,64,74,6,64,81,70,1,38,95,19,15,31,31,93,93,65,50,29,84,74,6,53,33,25,37,36,32,29,91,25,68,40,93,21,10,64,68,60,82,30,51,46,44,38,79,98,69,3,97,95,34,91,91,98,63,35,94,7,61,5,4,23
7,1,4,25,87,77,52,48,56,85,5,71,23,95
1,3,1,94,96,61,94,42,97
5,9,3,38,79,75,98,50,61,89,42,38,97,74,18,68,91,45,60,95,46,62,39,31,55,2,21,16,87,55,55,20,78,95,9,96,38,38,93,36,1,82,74,80,35,33,13,14,71,39,73,89,17,8,95,36,22,99,65,7,54,42,22,19,3,44,50,30,38,46,81,74,97,93,91
1,5,8,71,74,26,44,57,34,47,61,50,78,16,50,8,87,24,96,20,88,67,53,10,39,80,49,61,44,55,48,15,3,14,95,53,17,6,10,21,6,16,71,51,16,94,26,82
6,1,2,8,59,68,56,83,55,32,9
10,2,4,15,83,12,50,81,15,48,51,65,67,58,67,44,14,53,66,8,85,37,71,46,59,62,22,48,79,92,64
4,3,3,78,34,13,46,3,8,51,17,33,92,62,34,96,63,23,69,42,77,32,65,22
4,1,3,55,31,9,3,19,86,37
4,10,9,58,28,69,44,70,19,38,36,65,72,19,15,7,34,91,45,83,9,30,88,70,49,91,80,73,59,69,71,31,16,70,67,34,80,27,47,93,3,32,100,24,54,86,73,73,51,61,68,78,44,13,53,5,42,27,18,7,12,11,19,43,39,37,18,90,57,21,44,24,8,83,98,37,56,84,74,97,98,49,45,47,41,21,12,73,96,92,11,43,93,95,35,3,66,14,6,66,34,14,3,99,36,99,97,1,51,77,21,53,98,57,80,25,42,81,59,39,88,35,38,37,53,17,10,49,89,74,47,85,87
6,10,7,2,5,16,53,30,31,92,69,96,62,78,78,91,85,25,73,89,13,66,37,74,84,24,65,82,75,81,51,80,90,13,99,71,7,37,57,24,83,89,95,42,73,41,50,98,26,59,1,98,36,81,28,36,38,15,42,6,70,76,80,35,100,99,65,95,72,74,20,47,38,16,24,80,59,34,39,48,45,19,37,62,71,84,80,21,6,61,8,61,15,22,98,16,97,68,80,46,46,30,29,83,62,59,58,7,45,18,25,9,100,24,92,88,56,45,96,39,89,24,18,17,21,74,32,37,77,21,97,25,42
3,4,4,65,34,1,92,88,61,30,3,60,10,17,54,72,53,23,40,83,76,4,16,61,97,83,45,75,72,59,45
3,7,7,58,51,28,71,18,2,21,47,58,31,52,18,78,3,31,49,75,33,62,91,39,55,75,95,61,67,42,30,17,76,28,78,61,95,21,33,7,97,1,78,53,80,83,93,40,21,64,67,99,72,73,77,4,5,13,49,75,26,4,52,100,2,54,46,88,26,37,93,75,94
5,5,9,42,72,33,64,48,40,31,43,6,76,58,83,84,73,66,89,43,86,43,30,93,90,8,41,7,43,68,90,84,19,30,39,15,4,96,60,26,36,30,6,26,48,23,22,1,60,98,84,79,93,1,19,42,95,77,17,53,1,75,42,100,96,48,81,90,30,58,32,94,3
10,7,10,35,13,42,29,11,6,71,64,3,58,51,46,80,96,58,60,10,67,55,3,43,13,74,24,63,25,31,73,61,6,28,78,22,24,70,78,79,72,88,4,16,73,64,6,92,66,93,1,25,63,21,28,18,56,21,24,82,40,34,33,5,79,39,97,82,57,51,6,24,55,41,44,96,80,69,59,79,90,45,98,46,89,85,62,56,9,83,27,7,79,42,90,86,80,70,61,46,89,41,7,47,92,41,92,53,55,72,54,39,61,12,67,37,6,5,66,85,54,78,49,77,87,23,64,87,39,90,29,55,17,16,25,21,71,17,28,23,71,8,52
6,5,9,90,58,35,64,89,30,11,9,40,85,98,46,78,45,56,60,87,20,70,29,55,79,78,37,28,98,96,33,5,10,38,46,4,72,90,5,1,45,21,93,72,57,86,85,10,44,66,14,4,84,88,88,66,43,66,21,68,31,42,72,99,43,5,25,6,86,22,63,15,55,80,83,66,80,60
8,5,1,49,89,20,97,22,65,71,94,8,96,79,28,72,31,90,100,72,46,39,64,2,51,62,9,53,98,66,79,10,43,56,62,92,98,50,95,61,12,2,82,71,9,73,17,77
